  1,
  2,
  3,
  4,
  5,
  6,
  7,
  8,
  9,
  10,
  11,
  12,
  13,
  14,
  15,
  19,
  20,
  21,
  22,
  23,
  24,
  25,
  26,
  27,
  28,
  29,
  30,
  31,
  32,
  33,
  34,
  35,
  36,
  37,
  38,
  39,
  40,
  41,
  42,
  43,
  44,
  45,
  46,
  47,
  48,
  49,
  50,
  60,
  61,
  62,
  63,
  64,
  65,
  66,
  67,
  68,
  69,
  70,
  71,
  72,
  73,
  74,
  75,
  76,
  77,
  78,
  79,
  80,
  81,
  82,
  83,
  84,
  87,
  102,
  103,
  107,
  110,
  111,
  112,
  113,
  114,
  115,
  116,
  117,
  118,
  119,
  120,
  121,
  127,
  128,
  130,
  150,
  151,
  152,
  153,
  154,
  155,
  156,
  157,
  158,
  159,
  169,
  191,
  192,
  193,
  194,
  195,
  196,
  197,
  207,
  208,
  233,
  234,
  235,
  236,
  237,
  245,
  274,
  275,
  276,
  277,
  314,
  315,
  316,
  453,
  454,
  455,
  456,
  492,
  493,
  494,
  495,
  496,
  497,
  512,
  513,
  514,
  517,
  531,
  532,
  533,
  534,
  552,
  553,
  554,
  555,
  556,
  557,
  571,
  572,
  591,
  592,
  593,
  594,
  595,
  596,
  597,
  598,
  599,
  600,
  610,
  611,
  612,
  629,
  630,
  631,
  632,
  633,
  634,
  635,
  636,
  637,
  638,
  639,
  640,
  668,
  669,
  670,
  671,
  672,
  673,
  674,
  675,
  676,
  677,
  678,
  679,
  680,
  696,
  706,
  707,
  708,
  709,
  710,
  711,
  712,
  713,
  714,
  715,
  716,
  717,
  718,
  719,
  720,
  742,
  743,
  744,
  745,
  746,
  747,
  748,
  749,
  750,
  751,
  752,
  753,
  754,
  755,
  756,
  757,
  758,
  759,
  760,
  783,
  784,
  785,
  786,
  787,
  788,
  789,
  790,
  791,
  792,
  793,
  794,
  795,
  796,
  797,
  798,
  799,
  800,
  812,
  813,
  814,
  815,
  823,
  824,
  825,
  826,
  827,
  828,
  829,
  830,
  831,
  832,
  833,
  834,
  835,
  836,
  837,
  838,
  839,
  840,
  850,
  851,
  852,
  853,
  854,
  855,
  863,
  864,
  865,
  866,
  867,
  868,
  869,
  870,
  871,
  872,
  873,
  874,
  875,
  876,
  877,
  878,
  879,
  880,
  893,
  894,
  895,
  899,
  900,
  901,
  902,
  903,
  904,
  905,
  906,
  907,
  908,
  909,
  910,
  911,
  912,
  913,
  914,
  915,
  916,
  917,
  918,
  919,
  920,
  931,
  933,
  934,
  935,
  936,
  937,
  938,
  939,
  940,
  941,
  942,
  943,
  944,
  945,
  946,
  947,
  948,
  949,
  950,
  951,
  952,
  953,
  954,
  955,
  956,
  957,
  958,
  959,
  960,
